# hotskew probe summary (simulator-driven)
epochs             3
page_observations  420343
dram_accesses      27783823
mean_unique_words  52.258 / 64

# full unique-word histogram (words,pages)
0,0
1,7031
2,1342
3,1108
4,2591
5,1368
6,1145
7,1391
8,1330
9,1105
10,1092
11,1123
12,1153
13,1175
14,1225
15,1176
16,1321
17,1348
18,1367
19,1391
20,1449
21,1512
22,1486
23,1481
24,1627
25,1528
26,1668
27,1725
28,1772
29,1816
30,1874
31,1949
32,2004
33,2181
34,2245
35,2482
36,2680
37,2840
38,2976
39,3293
40,3314
41,3580
42,3819
43,4049
44,4191
45,4324
46,4650
47,4797
48,5183
49,5550
50,5991
51,6407
52,6921
53,7776
54,8598
55,9698
56,11015
57,12862
58,15065
59,17514
60,20341
61,23659
62,27569
63,30979
64,101121

# N, hpt_access_ratio, hwt_access_ratio
128,0.1871,0.2002
512,0.1796,0.1410
2048,0.1807,0.2899
8192,0.1869,0.3440
