# hotskew probe summary (simulator-driven)
epochs             10
page_observations  956837
dram_accesses      92445229
mean_unique_words  56.072 / 64

# full unique-word histogram (words,pages)
0,0
1,60050
2,1819
3,2221
4,10710
5,2662
6,2231
7,4367
8,2218
9,1803
10,2259
11,1799
12,1707
13,1896
14,1803
15,1785
16,1720
17,1760
18,1779
19,1754
20,1665
21,1719
22,1690
23,1612
24,1637
25,1676
26,1719
27,1708
28,1802
29,1823
30,1842
31,1830
32,1952
33,2032
34,2143
35,2176
36,2187
37,2284
38,2586
39,2542
40,2589
41,2695
42,2847
43,2890
44,3119
45,3225
46,3265
47,3498
48,3536
49,3877
50,3954
51,4527
52,4611
53,5047
54,5419
55,5909
56,6542
57,7237
58,7784
59,8659
60,9303
61,10340
62,11127
63,12145
64,677724

# N, hpt_access_ratio, hwt_access_ratio
128,0.4584,0.1140
512,0.4905,0.1120
2048,0.7584,0.3315
8192,0.8483,0.7306
