# hotskew probe summary (simulator-driven)
epochs             28
page_observations  3051888
dram_accesses      278129744
mean_unique_words  41.316 / 64

# full unique-word histogram (words,pages)
0,0
1,293482
2,118961
3,70246
4,54260
5,44408
6,38003
7,36492
8,35173
9,33124
10,32715
11,32217
12,29750
13,30235
14,33829
15,34393
16,35049
17,36249
18,35615
19,35681
20,36223
21,36797
22,36675
23,37540
24,38064
25,39083
26,39381
27,38559
28,38608
29,37544
30,37223
31,37350
32,37450
33,37181
34,37007
35,36490
36,36152
37,35541
38,35098
39,34385
40,34190
41,33013
42,31776
43,30723
44,29977
45,29901
46,28706
47,28460
48,28150
49,28223
50,28519
51,28327
52,27749
53,27153
54,26572
55,25863
56,25746
57,25139
58,25130
59,25745
60,27457
61,32561
62,48383
63,90607
64,481585

# N, hpt_access_ratio, hwt_access_ratio
128,0.5162,0.1021
512,0.2708,0.1045
2048,0.1509,0.1125
8192,0.5784,0.1243
