# hotskew probe summary (simulator-driven)
epochs             39
page_observations  4084339
dram_accesses      385294739
mean_unique_words  43.407 / 64

# full unique-word histogram (words,pages)
0,0
1,297841
2,109046
3,74935
4,72152
5,52703
6,42245
7,37904
8,33715
9,29555
10,29012
11,27893
12,26875
13,26546
14,27217
15,27525
16,29363
17,30341
18,30805
19,31305
20,31750
21,32355
22,32351
23,32935
24,33487
25,34863
26,35321
27,35597
28,35995
29,35820
30,35963
31,36985
32,37879
33,38894
34,40231
35,41131
36,42534
37,43320
38,45026
39,45538
40,47644
41,48635
42,49617
43,50914
44,51933
45,53400
46,54125
47,54583
48,55686
49,57469
50,59170
51,61199
52,62431
53,64127
54,65597
55,68266
56,72527
57,77007
58,81860
59,89005
60,98507
61,112098
62,131917
63,170587
64,561082

# N, hpt_access_ratio, hwt_access_ratio
128,0.4136,0.2369
512,0.2909,0.2387
2048,0.2503,0.2380
8192,0.2780,0.2481
