# hotskew probe summary (simulator-driven)
epochs             3
page_observations  315702
dram_accesses      26317110
mean_unique_words  47.763 / 64

# full unique-word histogram (words,pages)
0,0
1,41588
2,1028
3,1188
4,6949
5,2004
6,1596
7,2789
8,1622
9,1327
10,1498
11,1275
12,1180
13,1339
14,1294
15,1334
16,1253
17,1239
18,1225
19,1223
20,1288
21,1277
22,1274
23,1221
24,1273
25,1331
26,1288
27,1413
28,1435
29,1435
30,1506
31,1470
32,1607
33,1629
34,1779
35,1820
36,1997
37,1988
38,2097
39,2084
40,2212
41,2311
42,2447
43,2531
44,2622
45,2661
46,2796
47,3017
48,3094
49,3276
50,3591
51,3760
52,4052
53,4374
54,4791
55,5239
56,5807
57,6466
58,7087
59,8064
60,9006
61,9748
62,10574
63,11289
64,90724

# N, hpt_access_ratio, hwt_access_ratio
128,0.4359,0.3467
512,0.4401,0.2910
2048,0.4499,0.4172
8192,0.5511,0.4612
