# hotskew probe summary (simulator-driven)
epochs             69
page_observations  2799140
dram_accesses      685816235
mean_unique_words  57.630 / 64

# full unique-word histogram (words,pages)
0,0
1,13209
2,6057
3,4663
4,3410
5,2486
6,2306
7,2301
8,2495
9,2523
10,2791
11,2963
12,3193
13,3293
14,3579
15,3934
16,4158
17,4451
18,4704
19,5015
20,5311
21,5628
22,6248
23,6559
24,6853
25,7137
26,7575
27,7759
28,8205
29,8481
30,8706
31,9078
32,9408
33,9615
34,9813
35,10153
36,10434
37,11012
38,10903
39,11454
40,12098
41,12514
42,12968
43,13537
44,14225
45,14802
46,15572
47,16524
48,17675
49,19578
50,21922
51,24512
52,26697
53,29489
54,31998
55,34670
56,38398
57,44457
58,49397
59,55854
60,65150
61,79512
62,102497
63,156075
64,1641156

# N, hpt_access_ratio, hwt_access_ratio
128,0.4583,0.3119
512,0.4975,0.3107
2048,0.5354,0.3112
8192,0.5961,0.3358
