# hotskew probe summary (simulator-driven)
epochs             47
page_observations  4658284
dram_accesses      461433964
mean_unique_words  47.110 / 64

# full unique-word histogram (words,pages)
0,0
1,294016
2,94729
3,60738
4,61130
5,46092
6,39077
7,36726
8,34756
9,31706
10,31098
11,29752
12,28534
13,28229
14,28355
15,28788
16,29989
17,31051
18,30978
19,31424
20,31687
21,32319
22,32096
23,32772
24,34289
25,35066
26,35440
27,36474
28,36997
29,37169
30,37232
31,38086
32,38691
33,39840
34,40819
35,41892
36,42500
37,43621
38,44062
39,45217
40,47060
41,48066
42,49625
43,50409
44,50741
45,52366
46,52962
47,53345
48,54647
49,56981
50,58946
51,59817
52,61431
53,62442
54,64281
55,66427
56,69848
57,74386
58,80558
59,87971
60,97667
61,110945
62,130605
63,170126
64,1193195

# N, hpt_access_ratio, hwt_access_ratio
128,0.4001,0.2406
512,0.2974,0.2390
2048,0.2432,0.2370
8192,0.2597,0.2455
