# hotskew probe summary (simulator-driven)
epochs             47
page_observations  4650966
dram_accesses      461632105
mean_unique_words  47.111 / 64

# full unique-word histogram (words,pages)
0,0
1,294912
2,94502
3,60288
4,60941
5,45675
6,38579
7,36641
8,34303
9,31505
10,31036
11,29711
12,28500
13,28076
14,28440
15,28780
16,29973
17,31032
18,30888
19,31478
20,31778
21,32297
22,31927
23,32696
24,34158
25,34832
26,35227
27,36129
28,36770
29,36960
30,36945
31,37943
32,38811
33,39972
34,41045
35,42170
36,42559
37,44035
38,44218
39,45598
40,47255
41,48235
42,49703
43,50335
44,50955
45,52402
46,52733
47,53113
48,54651
49,56610
50,58595
51,59525
52,61270
53,62292
54,64391
55,66450
56,69864
57,74490
58,80782
59,87796
60,97550
61,110572
62,130664
63,170105
64,1189298

# N, hpt_access_ratio, hwt_access_ratio
128,0.3910,0.2076
512,0.2892,0.2958
2048,0.3062,0.3461
8192,0.3159,0.3587
