# hotskew probe summary (simulator-driven)
epochs             192
page_observations  4677679
dram_accesses      1912853964
mean_unique_words  63.474 / 64

# full unique-word histogram (words,pages)
0,0
1,9425
2,2810
3,1778
4,3529
5,1535
6,1747
7,1558
8,1137
9,1073
10,1128
11,901
12,760
13,811
14,774
15,637
16,637
17,604
18,569
19,548
20,548
21,491
22,494
23,405
24,389
25,418
26,393
27,392
28,395
29,365
30,368
31,343
32,332
33,286
34,312
35,273
36,277
37,289
38,268
39,259
40,254
41,236
42,248
43,230
44,252
45,242
46,257
47,236
48,259
49,290
50,363
51,545
52,319
53,313
54,304
55,257
56,269
57,395
58,559
59,947
60,2554
61,10519
62,40360
63,218558
64,4359655

# N, hpt_access_ratio, hwt_access_ratio
128,0.7063,0.4499
512,0.5461,0.4494
2048,0.2394,0.4485
8192,0.9972,0.4660
