# hotskew probe summary (simulator-driven)
epochs             10
page_observations  1042101
dram_accesses      93916449
mean_unique_words  59.926 / 64

# full unique-word histogram (words,pages)
0,0
1,8201
2,1710
3,1560
4,3098
5,1733
6,1532
7,1746
8,1639
9,1420
10,1349
11,1374
12,1377
13,1340
14,1364
15,1405
16,1391
17,1506
18,1469
19,1616
20,1595
21,1571
22,1618
23,1640
24,1619
25,1758
26,1824
27,1804
28,1932
29,1917
30,1983
31,2091
32,2174
33,2210
34,2354
35,2654
36,2786
37,2969
38,3178
39,3317
40,3473
41,3687
42,3874
43,4173
44,4451
45,4496
46,4638
47,4905
48,5366
49,5637
50,6179
51,6654
52,7056
53,7811
54,8888
55,10015
56,11447
57,13194
58,15328
59,17875
60,20782
61,24576
62,28964
63,33752
64,705056

# N, hpt_access_ratio, hwt_access_ratio
128,0.3344,0.1982
512,0.4272,0.2102
2048,0.6938,0.1906
8192,0.7752,0.7025
